0 0 106.263
0 1 106.435
0 2 106.617
0 3 106.799
0 4 106.978
0 5 107.15
0 6 107.31
0 7 107.447
0 8 107.553
0 9 107.62
0 10 107.632
0 11 107.561
0 12 107.379
0 13 107.098
0 14 106.76
0 15 106.398
0 16 106.028
0 17 105.655
0 18 105.286
0 19 104.936
0 20 104.64
0 21 104.441
0 22 104.355
0 23 104.357
0 24 104.42
0 25 104.528
0 26 104.675
0 27 104.851
0 28 105.047
0 29 105.254
0 30 105.469
0 31 105.676
1 0 106.435
1 1 106.719
1 2 107.021
1 3 107.324
1 4 107.623
1 5 107.917
1 6 108.189
1 7 108.414
1 8 108.567
1 9 108.629
1 10 108.584
1 11 109.869
1 12 109.119
1 13 108.364
1 14 107.603
1 15 106.837
1 16 106.066
1 17 105.289
1 18 104.506
1 19 103.718
1 20 102.923
1 21 102.122
1 22 103.397
1 23 103.333
1 24 103.386
1 25 103.541
1 26 103.781
1 27 104.081
1 28 104.413
1 29 104.762
1 30 105.119
1 31 105.463
2 0 106.617
2 1 107.021
2 2 107.451
2 3 107.884
2 4 108.316
2 5 108.741
2 6 109.123
2 7 109.402
2 8 109.529
2 9 111.009
2 10 110.316
2 11 109.619
2 12 108.918
2 13 108.212
2 14 107.501
2 15 106.786
2 16 106.066
2 17 105.341
2 18 104.611
2 19 103.876
2 20 103.135
2 21 102.39
2 22 101.638
2 23 100.881
2 24 102.402
2 25 102.528
2 26 102.824
2 27 103.246
2 28 103.727
2 29 104.23
2 30 104.743
2 31 105.234
3 0 106.799
3 1 107.324
3 2 107.883
3 3 108.449
3 4 109.011
3 5 109.541
3 6 109.969
3 7 111.942
3 8 111.304
3 9 110.663
3 10 110.018
3 11 109.369
3 12 108.717
3 13 108.06
3 14 107.4
3 15 106.735
3 16 106.066
3 17 105.393
3 18 104.716
3 19 104.034
3 20 103.347
3 21 102.657
3 22 101.961
3 23 101.261
3 24 100.555
3 25 99.8451
3 26 101.952
3 27 102.425
3 28 103.027
3 29 103.682
3 30 104.355
3 31 105
4 0 106.978
4 1 107.623
4 2 108.316
4 3 109.011
4 4 109.67
4 5 110.223
4 6 112.088
4 7 111.501
4 8 110.91
4 9 110.316
4 10 109.719
4 11 109.119
4 12 108.515
4 13 107.908
4 14 107.298
4 15 106.684
4 16 106.066
4 17 105.445
4 18 104.82
4 19 104.191
4 20 103.559
4 21 102.923
4 22 102.283
4 23 101.638
4 24 100.99
4 25 100.337
4 26 99.6805
4 27 101.718
4 28 102.35
4 29 103.124
4 30 103.956
4 31 104.759
5 0 107.15
5 1 107.917
5 2 108.741
5 3 109.542
5 4 110.223
5 5 112.137
5 6 111.599
5 7 111.058
5 8 110.514
5 9 109.968
5 10 109.419
5 11 108.868
5 12 108.313
5 13 107.756
5 14 107.195
5 15 106.632
5 16 106.066
5 17 105.497
5 18 104.924
5 19 104.349
5 20 103.77
5 21 103.188
5 22 102.603
5 23 102.015
5 24 101.423
5 25 100.827
5 26 100.228
5 27 99.6256
5 28 101.772
5 29 102.581
5 30 103.548
5 31 104.512
6 0 107.31
6 1 108.189
6 2 109.123
6 3 109.969
6 4 112.088
6 5 111.599
6 6 111.107
6 7 110.614
6 8 110.118
6 9 109.619
6 10 109.119
6 11 108.616
6 12 108.111
6 13 107.603
6 14 107.093
6 15 106.581
6 16 106.066
6 17 105.549
6 18 105.029
6 19 104.506
6 20 103.981
6 21 103.453
6 22 102.923
6 23 102.39
6 24 101.853
6 25 101.315
6 26 100.773
6 27 100.228
6 28 99.6805
6 29 102.131
6 30 103.166
6 31 104.271
7 0 107.447
7 1 108.414
7 2 109.402
7 3 111.942
7 4 111.501
7 5 111.058
7 6 110.614
7 7 110.167
7 8 109.719
7 9 109.269
7 10 108.817
7 11 108.364
7 12 107.908
7 13 107.45
7 14 106.991
7 15 106.53
7 16 106.066
7 17 105.6
7 18 105.133
7 19 104.663
7 20 104.191
7 21 103.718
7 22 103.241
7 23 102.763
7 24 102.283
7 25 101.8
7 26 101.315
7 27 100.827
7 28 100.337
7 29 99.8451
7 30 102.876
7 31 104.062
8 0 107.553
8 1 108.567
8 2 109.529
8 3 111.304
8 4 110.91
8 5 110.514
8 6 110.118
8 7 109.719
8 8 109.319
8 9 108.918
8 10 108.515
8 11 108.111
8 12 107.705
8 13 107.298
8 14 106.889
8 15 106.478
8 16 106.066
8 17 105.652
8 18 105.237
8 19 104.82
8 20 104.401
8 21 103.981
8 22 103.559
8 23 103.135
8 24 102.71
8 25 102.283
8 26 101.853
8 27 101.423
8 28 100.99
8 29 100.555
8 30 102.731
8 31 103.907
9 0 107.62
9 1 108.629
9 2 111.009
9 3 110.663
9 4 110.316
9 5 109.968
9 6 109.619
9 7 109.269
9 8 108.918
9 9 108.565
9 10 108.212
9 11 107.857
9 12 107.501
9 13 107.144
9 14 106.786
9 15 106.427
9 16 106.066
9 17 105.704
9 18 105.341
9 19 104.977
9 20 104.611
9 21 104.244
9 22 103.876
9 23 103.506
9 24 103.135
9 25 102.763
9 26 102.39
9 27 102.015
9 28 101.638
9 29 101.261
9 30 100.881
9 31 103.824
10 0 107.632
10 1 108.584
10 2 110.316
10 3 110.018
10 4 109.719
10 5 109.419
10 6 109.119
10 7 108.817
10 8 108.515
10 9 108.212
10 10 107.908
10 11 107.603
10 12 107.298
10 13 106.991
10 14 106.684
10 15 106.375
10 16 106.066
10 17 105.756
10 18 105.445
10 19 105.133
10 20 104.82
10 21 104.506
10 22 104.191
10 23 103.876
10 24 103.559
10 25 103.241
10 26 102.923
10 27 102.603
10 28 102.283
10 29 101.961
10 30 101.638
10 31 103.834
11 0 107.561
11 1 109.869
11 2 109.619
11 3 109.369
11 4 109.119
11 5 108.868
11 6 108.616
11 7 108.364
11 8 108.111
11 9 107.857
11 10 107.603
11 11 107.349
11 12 107.093
11 13 106.837
11 14 106.581
11 15 106.324
11 16 106.066
11 17 105.808
11 18 105.549
11 19 105.289
11 20 105.029
11 21 104.768
11 22 104.506
11 23 104.244
11 24 103.981
11 25 103.718
11 26 103.453
11 27 103.188
11 28 102.923
11 29 102.657
11 30 102.39
11 31 102.122
12 0 107.379
12 1 109.119
12 2 108.918
12 3 108.717
12 4 108.515
12 5 108.313
12 6 108.111
12 7 107.908
12 8 107.705
12 9 107.501
12 10 107.298
12 11 107.093
12 12 106.889
12 13 106.684
12 14 106.478
12 15 106.272
12 16 106.066
12 17 105.859
12 18 105.652
12 19 105.445
12 20 105.237
12 21 105.029
12 22 104.82
12 23 104.611
12 24 104.401
12 25 104.191
12 26 103.981
12 27 103.77
12 28 103.559
12 29 103.347
12 30 103.135
12 31 102.923
13 0 107.098
13 1 108.364
13 2 108.212
13 3 108.06
13 4 107.908
13 5 107.756
13 6 107.603
13 7 107.45
13 8 107.298
13 9 107.144
13 10 106.991
13 11 106.837
13 12 106.684
13 13 106.53
13 14 106.375
13 15 106.221
13 16 106.066
13 17 105.911
13 18 105.756
13 19 105.6
13 20 105.445
13 21 105.289
13 22 105.133
13 23 104.977
13 24 104.82
13 25 104.663
13 26 104.506
13 27 104.349
13 28 104.191
13 29 104.034
13 30 103.876
13 31 103.718
14 0 106.76
14 1 107.603
14 2 107.501
14 3 107.4
14 4 107.298
14 5 107.195
14 6 107.093
14 7 106.991
14 8 106.889
14 9 106.786
14 10 106.684
14 11 106.581
14 12 106.478
14 13 106.375
14 14 106.272
14 15 106.169
14 16 106.066
14 17 105.963
14 18 105.859
14 19 105.756
14 20 105.652
14 21 105.549
14 22 105.445
14 23 105.341
14 24 105.237
14 25 105.133
14 26 105.029
14 27 104.924
14 28 104.82
14 29 104.716
14 30 104.611
14 31 104.506
15 0 106.398
15 1 106.837
15 2 106.786
15 3 106.735
15 4 106.684
15 5 106.632
15 6 106.581
15 7 106.53
15 8 106.478
15 9 106.427
15 10 106.375
15 11 106.324
15 12 106.272
15 13 106.221
15 14 106.169
15 15 106.118
15 16 106.066
15 17 106.014
15 18 105.963
15 19 105.911
15 20 105.859
15 21 105.808
15 22 105.756
15 23 105.704
15 24 105.652
15 25 105.6
15 26 105.549
15 27 105.497
15 28 105.445
15 29 105.393
15 30 105.341
15 31 105.289
16 0 106.028
16 1 106.066
16 2 106.066
16 3 106.066
16 4 106.066
16 5 106.066
16 6 106.066
16 7 106.066
16 8 106.066
16 9 106.066
16 10 106.066
16 11 106.066
16 12 106.066
16 13 106.066
16 14 106.066
16 15 106.066
16 16 106.066
16 17 106.066
16 18 106.066
16 19 106.066
16 20 106.066
16 21 106.066
16 22 106.066
16 23 106.066
16 24 106.066
16 25 106.066
16 26 106.066
16 27 106.066
16 28 106.066
16 29 106.066
16 30 106.066
16 31 106.066
17 0 105.655
17 1 105.289
17 2 105.341
17 3 105.393
17 4 105.445
17 5 105.497
17 6 105.549
17 7 105.6
17 8 105.652
17 9 105.704
17 10 105.756
17 11 105.808
17 12 105.859
17 13 105.911
17 14 105.963
17 15 106.014
17 16 106.066
17 17 106.118
17 18 106.169
17 19 106.221
17 20 106.272
17 21 106.324
17 22 106.375
17 23 106.427
17 24 106.478
17 25 106.53
17 26 106.581
17 27 106.632
17 28 106.684
17 29 106.735
17 30 106.786
17 31 106.837
18 0 105.286
18 1 104.506
18 2 104.611
18 3 104.716
18 4 104.82
18 5 104.924
18 6 105.029
18 7 105.133
18 8 105.237
18 9 105.341
18 10 105.445
18 11 105.549
18 12 105.652
18 13 105.756
18 14 105.859
18 15 105.963
18 16 106.066
18 17 106.169
18 18 106.272
18 19 106.375
18 20 106.478
18 21 106.581
18 22 106.684
18 23 106.786
18 24 106.889
18 25 106.991
18 26 107.093
18 27 107.195
18 28 107.298
18 29 107.4
18 30 107.501
18 31 107.603
19 0 104.936
19 1 103.718
19 2 103.876
19 3 104.034
19 4 104.191
19 5 104.349
19 6 104.506
19 7 104.663
19 8 104.82
19 9 104.977
19 10 105.133
19 11 105.289
19 12 105.445
19 13 105.6
19 14 105.756
19 15 105.911
19 16 106.066
19 17 106.221
19 18 106.375
19 19 106.53
19 20 106.684
19 21 106.837
19 22 106.991
19 23 107.144
19 24 107.298
19 25 107.45
19 26 107.603
19 27 107.756
19 28 107.908
19 29 108.06
19 30 108.212
19 31 108.364
20 0 104.64
20 1 102.923
20 2 103.135
20 3 103.347
20 4 103.559
20 5 103.77
20 6 103.981
20 7 104.191
20 8 104.401
20 9 104.611
20 10 104.82
20 11 105.029
20 12 105.237
20 13 105.445
20 14 105.652
20 15 105.859
20 16 106.066
20 17 106.272
20 18 106.478
20 19 106.684
20 20 106.889
20 21 107.093
20 22 107.298
20 23 107.501
20 24 107.705
20 25 107.908
20 26 108.111
20 27 108.313
20 28 108.515
20 29 108.717
20 30 108.918
20 31 109.119
21 0 104.441
21 1 102.122
21 2 102.39
21 3 102.657
21 4 102.923
21 5 103.188
21 6 103.453
21 7 103.718
21 8 103.981
21 9 104.244
21 10 104.506
21 11 104.768
21 12 105.029
21 13 105.289
21 14 105.549
21 15 105.808
21 16 106.066
21 17 106.324
21 18 106.581
21 19 106.837
21 20 107.093
21 21 107.349
21 22 107.603
21 23 107.857
21 24 108.111
21 25 108.364
21 26 108.616
21 27 108.868
21 28 109.119
21 29 109.369
21 30 109.619
21 31 109.869
22 0 104.355
22 1 103.397
22 2 101.638
22 3 101.961
22 4 102.283
22 5 102.603
22 6 102.923
22 7 103.241
22 8 103.559
22 9 103.876
22 10 104.191
22 11 104.506
22 12 104.82
22 13 105.133
22 14 105.445
22 15 105.756
22 16 106.066
22 17 106.375
22 18 106.684
22 19 106.991
22 20 107.298
22 21 107.603
22 22 107.908
22 23 108.212
22 24 108.515
22 25 108.817
22 26 109.119
22 27 109.419
22 28 109.719
22 29 110.018
22 30 110.316
22 31 108.148
23 0 104.357
23 1 103.333
23 2 100.881
23 3 101.261
23 4 101.638
23 5 102.015
23 6 102.39
23 7 102.763
23 8 103.135
23 9 103.506
23 10 103.876
23 11 104.244
23 12 104.611
23 13 104.977
23 14 105.341
23 15 105.704
23 16 106.066
23 17 106.427
23 18 106.786
23 19 107.144
23 20 107.501
23 21 107.857
23 22 108.212
23 23 108.565
23 24 108.918
23 25 109.269
23 26 109.619
23 27 109.968
23 28 110.316
23 29 110.663
23 30 111.009
23 31 108.138
24 0 104.42
24 1 103.386
24 2 102.402
24 3 100.555
24 4 100.99
24 5 101.423
24 6 101.853
24 7 102.283
24 8 102.71
24 9 103.135
24 10 103.559
24 11 103.981
24 12 104.401
24 13 104.82
24 14 105.237
24 15 105.652
24 16 106.066
24 17 106.478
24 18 106.889
24 19 107.298
24 20 107.705
24 21 108.111
24 22 108.515
24 23 108.918
24 24 109.319
24 25 109.719
24 26 110.118
24 27 110.514
24 28 110.91
24 29 111.304
24 30 109.189
24 31 108.04
25 0 104.528
25 1 103.541
25 2 102.527
25 3 99.8451
25 4 100.337
25 5 100.827
25 6 101.315
25 7 101.8
25 8 102.283
25 9 102.763
25 10 103.241
25 11 103.718
25 12 104.191
25 13 104.663
25 14 105.133
25 15 105.6
25 16 106.066
25 17 106.53
25 18 106.991
25 19 107.45
25 20 107.908
25 21 108.364
25 22 108.817
25 23 109.269
25 24 109.719
25 25 110.167
25 26 110.614
25 27 111.058
25 28 111.501
25 29 111.942
25 30 109.023
25 31 107.873
26 0 104.675
26 1 103.781
26 2 102.824
26 3 101.952
26 4 99.6805
26 5 100.228
26 6 100.773
26 7 101.315
26 8 101.853
26 9 102.39
26 10 102.923
26 11 103.453
26 12 103.981
26 13 104.506
26 14 105.029
26 15 105.549
26 16 106.066
26 17 106.581
26 18 107.093
26 19 107.603
26 20 108.111
26 21 108.616
26 22 109.119
26 23 109.619
26 24 110.118
26 25 110.614
26 26 111.107
26 27 111.599
26 28 112.088
26 29 109.718
26 30 108.716
26 31 107.653
27 0 104.851
27 1 104.081
27 2 103.246
27 3 102.425
27 4 101.718
27 5 99.6256
27 6 100.228
27 7 100.827
27 8 101.423
27 9 102.015
27 10 102.603
27 11 103.188
27 12 103.77
27 13 104.349
27 14 104.924
27 15 105.497
27 16 106.066
27 17 106.632
27 18 107.195
27 19 107.756
27 20 108.313
27 21 108.868
27 22 109.419
27 23 109.968
27 24 110.514
27 25 111.058
27 26 111.599
27 27 112.137
27 28 110.029
27 29 109.241
27 30 108.316
27 31 107.4
28 0 105.047
28 1 104.413
28 2 103.727
28 3 103.027
28 4 102.35
28 5 101.772
28 6 99.6805
28 7 100.337
28 8 100.99
28 9 101.638
28 10 102.283
28 11 102.923
28 12 103.559
28 13 104.191
28 14 104.82
28 15 105.445
28 16 106.066
28 17 106.684
28 18 107.298
28 19 107.908
28 20 108.515
28 21 109.119
28 22 109.719
28 23 110.316
28 24 110.91
28 25 111.501
28 26 112.088
28 27 110.029
28 28 109.405
28 29 108.664
28 30 107.883
28 31 107.138
29 0 105.254
29 1 104.762
29 2 104.23
29 3 103.682
29 4 103.124
29 5 102.581
29 6 102.131
29 7 99.8451
29 8 100.555
29 9 101.261
29 10 101.961
29 11 102.657
29 12 103.347
29 13 104.034
29 14 104.716
29 15 105.393
29 16 106.066
29 17 106.735
29 18 107.4
29 19 108.06
29 20 108.717
29 21 109.369
29 22 110.018
29 23 110.663
29 24 111.304
29 25 111.942
29 26 109.718
29 27 109.241
29 28 108.664
29 29 108.057
29 30 107.449
29 31 106.877
30 0 105.469
30 1 105.119
30 2 104.743
30 3 104.355
30 4 103.956
30 5 103.547
30 6 103.166
30 7 102.876
30 8 102.731
30 9 100.881
30 10 101.638
30 11 102.39
30 12 103.135
30 13 103.876
30 14 104.611
30 15 105.341
30 16 106.066
30 17 106.786
30 18 107.501
30 19 108.212
30 20 108.918
30 21 109.619
30 22 110.316
30 23 111.009
30 24 109.189
30 25 109.023
30 26 108.716
30 27 108.316
30 28 107.883
30 29 107.449
30 30 107.021
30 31 106.617
31 0 105.676
31 1 105.463
31 2 105.234
31 3 105
31 4 104.759
31 5 104.512
31 6 104.271
31 7 104.061
31 8 103.907
31 9 103.824
31 10 103.834
31 11 102.122
31 12 102.923
31 13 103.718
31 14 104.506
31 15 105.289
31 16 106.066
31 17 106.837
31 18 107.603
31 19 108.364
31 20 109.119
31 21 109.869
31 22 108.148
31 23 108.138
31 24 108.04
31 25 107.873
31 26 107.653
31 27 107.4
31 28 107.138
31 29 106.877
31 30 106.617
31 31 106.373
